0 1
0 2
0 5
0 8
0 12
0 21
0 24
0 29
0 33
0 39
0 44
0 51
0 53
0 55
0 62
0 68
0 82
0 84
0 88
0 93
0 106
0 109
0 130
0 155
0 184
1 4
1 6
1 13
1 16
1 28
1 49
1 59
1 165
1 169
2 3
2 9
2 10
2 14
2 15
2 17
2 22
2 26
2 54
2 66
2 74
2 85
2 112
2 141
2 160
2 164
2 197
3 89
3 156
4 25
4 47
4 102
4 135
4 140
5 175
6 7
6 107
6 128
6 132
6 176
8 11
8 162
9 36
9 67
9 150
9 192
10 46
10 50
10 73
10 118
10 198
11 92
11 108
11 152
13 18
13 27
13 34
13 38
13 56
13 78
13 90
13 91
13 96
13 113
13 126
13 139
14 32
14 41
14 45
14 48
15 19
16 20
16 58
16 199
18 23
18 35
18 86
18 121
18 122
18 127
18 170
19 163
20 72
22 177
23 79
23 94
23 104
24 81
24 83
24 97
24 133
24 154
24 159
24 196
26 42
28 30
30 31
32 60
32 119
32 153
33 134
33 143
33 146
33 161
33 191
36 37
36 40
36 63
37 183
38 52
38 61
41 43
41 76
41 110
42 57
44 71
44 80
44 87
44 124
44 190
45 129
47 69
50 148
51 64
51 144
52 65
53 77
53 99
53 157
53 167
54 95
54 178
54 182
55 116
55 166
56 114
56 193
58 172
60 70
61 147
63 123
66 145
66 189
71 75
71 105
73 115
74 195
75 138
75 142
82 185
84 100
86 111
87 98
87 103
87 136
92 101
96 117
100 149
104 137
109 151
110 125
114 131
114 158
114 171
116 120
120 180
121 181
121 186
123 168
143 179
149 173
149 174
153 194
170 188
177 187
